1 3 41 
0 
3 5 43 
0 2 
5 7 45 
2 4 
7 9 47 
4 6 
9 11 49 
6 8 
11 13 51 
8 10 
13 15 53 
10 12 
15 17 55 
12 14 
17 19 57 
14 16 
19 21 59 
16 18 
21 23 61 
18 20 
23 25 63 
20 22 
25 27 65 
22 24 
27 29 67 
24 26 
29 31 69 
26 28 
31 33 71 
28 30 
33 35 73 
30 32 
35 37 75 
32 34 
37 39 77 
34 36 
39 79 
36 38 
41 43 81 
0 40 
43 45 83 
2 40 42 
45 47 85 
4 42 44 
47 49 87 
6 44 46 
49 51 89 
8 46 48 
51 53 91 
10 48 50 
53 55 93 
12 50 52 
55 57 95 
14 52 54 
57 59 97 
16 54 56 
59 61 99 
18 56 58 
61 63 101 
20 58 60 
63 65 103 
22 60 62 
65 67 105 
24 62 64 
67 69 107 
26 64 66 
69 71 109 
28 66 68 
71 73 111 
30 68 70 
73 75 113 
32 70 72 
75 77 115 
34 72 74 
77 79 117 
36 74 76 
79 119 
38 76 78 
81 83 121 
40 80 
83 85 123 
42 80 82 
85 87 125 
44 82 84 
87 89 127 
46 84 86 
89 91 129 
48 86 88 
91 93 131 
50 88 90 
93 95 133 
52 90 92 
95 97 135 
54 92 94 
97 99 137 
56 94 96 
99 101 139 
58 96 98 
101 103 141 
60 98 100 
103 105 143 
62 100 102 
105 107 145 
64 102 104 
107 109 147 
66 104 106 
109 111 149 
68 106 108 
111 113 151 
70 108 110 
113 115 153 
72 110 112 
115 117 155 
74 112 114 
117 119 157 
76 114 116 
119 159 
78 116 118 
121 123 161 
80 120 
123 125 163 
82 120 122 
125 127 165 
84 122 124 
127 129 167 
86 124 126 
129 131 169 
88 126 128 
131 133 171 
90 128 130 
133 135 173 
92 130 132 
135 137 175 
94 132 134 
137 139 177 
96 134 136 
139 141 179 
98 136 138 
141 143 181 
100 138 140 
143 145 183 
102 140 142 
145 147 185 
104 142 144 
147 149 187 
106 144 146 
149 151 189 
108 146 148 
151 153 191 
110 148 150 
153 155 193 
112 150 152 
155 157 195 
114 152 154 
157 159 197 
116 154 156 
159 199 
118 156 158 
161 163 201 
120 160 
163 165 203 
122 160 162 
165 167 205 
124 162 164 
167 169 207 
126 164 166 
169 171 209 
128 166 168 
171 173 211 
130 168 170 
173 175 213 
132 170 172 
175 177 215 
134 172 174 
177 179 217 
136 174 176 
179 181 219 
138 176 178 
181 183 221 
140 178 180 
183 185 223 
142 180 182 
185 187 225 
144 182 184 
187 189 227 
146 184 186 
189 191 229 
148 186 188 
191 193 231 
150 188 190 
193 195 233 
152 190 192 
195 197 235 
154 192 194 
197 199 237 
156 194 196 
199 239 
158 196 198 
201 203 241 
160 200 
203 205 243 
162 200 202 
205 207 245 
164 202 204 
207 209 247 
166 204 206 
209 211 249 
168 206 208 
211 213 251 
170 208 210 
213 215 253 
172 210 212 
215 217 255 
174 212 214 
217 219 257 
176 214 216 
219 221 259 
178 216 218 
221 223 261 
180 218 220 
223 225 263 
182 220 222 
225 227 265 
184 222 224 
227 229 267 
186 224 226 
229 231 269 
188 226 228 
231 233 271 
190 228 230 
233 235 273 
192 230 232 
235 237 275 
194 232 234 
237 239 277 
196 234 236 
239 279 
198 236 238 
241 243 281 
200 240 
243 245 283 
202 240 242 
245 247 285 
204 242 244 
247 249 287 
206 244 246 
249 251 289 
208 246 248 
251 253 291 
210 248 250 
253 255 293 
212 250 252 
255 257 295 
214 252 254 
257 259 297 
216 254 256 
259 261 299 
218 256 258 
261 263 301 
220 258 260 
263 265 303 
222 260 262 
265 267 305 
224 262 264 
267 269 307 
226 264 266 
269 271 309 
228 266 268 
271 273 311 
230 268 270 
273 275 313 
232 270 272 
275 277 315 
234 272 274 
277 279 317 
236 274 276 
279 319 
238 276 278 
281 283 321 
240 280 
283 285 323 
242 280 282 
285 287 325 
244 282 284 
287 289 327 
246 284 286 
289 291 329 
248 286 288 
291 293 331 
250 288 290 
293 295 333 
252 290 292 
295 297 335 
254 292 294 
297 299 337 
256 294 296 
299 301 339 
258 296 298 
301 303 341 
260 298 300 
303 305 343 
262 300 302 
305 307 345 
264 302 304 
307 309 347 
266 304 306 
309 311 349 
268 306 308 
311 313 351 
270 308 310 
313 315 353 
272 310 312 
315 317 355 
274 312 314 
317 319 357 
276 314 316 
319 359 
278 316 318 
321 323 361 
280 320 
323 325 363 
282 320 322 
325 327 365 
284 322 324 
327 329 367 
286 324 326 
329 331 369 
288 326 328 
331 333 371 
290 328 330 
333 335 373 
292 330 332 
335 337 375 
294 332 334 
337 339 377 
296 334 336 
339 341 379 
298 336 338 
341 343 381 
300 338 340 
343 345 383 
302 340 342 
345 347 385 
304 342 344 
347 349 387 
306 344 346 
349 351 389 
308 346 348 
351 353 391 
310 348 350 
353 355 393 
312 350 352 
355 357 395 
314 352 354 
357 359 397 
316 354 356 
359 399 
318 356 358 
361 363 401 
320 360 
363 365 403 
322 360 362 
365 367 405 
324 362 364 
367 369 407 
326 364 366 
369 371 409 
328 366 368 
371 373 411 
330 368 370 
373 375 413 
332 370 372 
375 377 415 
334 372 374 
377 379 417 
336 374 376 
379 381 419 
338 376 378 
381 383 421 
340 378 380 
383 385 423 
342 380 382 
385 387 425 
344 382 384 
387 389 427 
346 384 386 
389 391 429 
348 386 388 
391 393 431 
350 388 390 
393 395 433 
352 390 392 
395 397 435 
354 392 394 
397 399 437 
356 394 396 
399 439 
358 396 398 
401 403 441 
360 400 
403 405 443 
362 400 402 
405 407 445 
364 402 404 
407 409 447 
366 404 406 
409 411 449 
368 406 408 
411 413 451 
370 408 410 
413 415 453 
372 410 412 
415 417 455 
374 412 414 
417 419 457 
376 414 416 
419 421 459 
378 416 418 
421 423 461 
380 418 420 
423 425 463 
382 420 422 
425 427 465 
384 422 424 
427 429 467 
386 424 426 
429 431 469 
388 426 428 
431 433 471 
390 428 430 
433 435 473 
392 430 432 
435 437 475 
394 432 434 
437 439 477 
396 434 436 
439 479 
398 436 438 
441 443 481 
400 440 
443 445 483 
402 440 442 
445 447 485 
404 442 444 
447 449 487 
406 444 446 
449 451 489 
408 446 448 
451 453 491 
410 448 450 
453 455 493 
412 450 452 
455 457 495 
414 452 454 
457 459 497 
416 454 456 
459 461 499 
418 456 458 
461 463 501 
420 458 460 
463 465 503 
422 460 462 
465 467 505 
424 462 464 
467 469 507 
426 464 466 
469 471 509 
428 466 468 
471 473 511 
430 468 470 
473 475 513 
432 470 472 
475 477 515 
434 472 474 
477 479 517 
436 474 476 
479 519 
438 476 478 
481 483 521 
440 480 
483 485 523 
442 480 482 
485 487 525 
444 482 484 
487 489 527 
446 484 486 
489 491 529 
448 486 488 
491 493 531 
450 488 490 
493 495 533 
452 490 492 
495 497 535 
454 492 494 
497 499 537 
456 494 496 
499 501 539 
458 496 498 
501 503 541 
460 498 500 
503 505 543 
462 500 502 
505 507 545 
464 502 504 
507 509 547 
466 504 506 
509 511 549 
468 506 508 
511 513 551 
470 508 510 
513 515 553 
472 510 512 
515 517 555 
474 512 514 
517 519 557 
476 514 516 
519 559 
478 516 518 
521 523 561 
480 520 
523 525 563 
482 520 522 
525 527 565 
484 522 524 
527 529 567 
486 524 526 
529 531 569 
488 526 528 
531 533 571 
490 528 530 
533 535 573 
492 530 532 
535 537 575 
494 532 534 
537 539 577 
496 534 536 
539 541 579 
498 536 538 
541 543 581 
500 538 540 
543 545 583 
502 540 542 
545 547 585 
504 542 544 
547 549 587 
506 544 546 
549 551 589 
508 546 548 
551 553 591 
510 548 550 
553 555 593 
512 550 552 
555 557 595 
514 552 554 
557 559 597 
516 554 556 
559 599 
518 556 558 
561 563 601 
520 560 
563 565 603 
522 560 562 
565 567 605 
524 562 564 
567 569 607 
526 564 566 
569 571 609 
528 566 568 
571 573 611 
530 568 570 
573 575 613 
532 570 572 
575 577 615 
534 572 574 
577 579 617 
536 574 576 
579 581 619 
538 576 578 
581 583 621 
540 578 580 
583 585 623 
542 580 582 
585 587 625 
544 582 584 
587 589 627 
546 584 586 
589 591 629 
548 586 588 
591 593 631 
550 588 590 
593 595 633 
552 590 592 
595 597 635 
554 592 594 
597 599 637 
556 594 596 
599 639 
558 596 598 
601 603 641 
560 600 
603 605 643 
562 600 602 
605 607 645 
564 602 604 
607 609 647 
566 604 606 
609 611 649 
568 606 608 
611 613 651 
570 608 610 
613 615 653 
572 610 612 
615 617 655 
574 612 614 
617 619 657 
576 614 616 
619 621 659 
578 616 618 
621 623 661 
580 618 620 
623 625 663 
582 620 622 
625 627 665 
584 622 624 
627 629 667 
586 624 626 
629 631 669 
588 626 628 
631 633 671 
590 628 630 
633 635 673 
592 630 632 
635 637 675 
594 632 634 
637 639 677 
596 634 636 
639 679 
598 636 638 
641 643 681 
600 640 
643 645 683 
602 640 642 
645 647 685 
604 642 644 
647 649 687 
606 644 646 
649 651 689 
608 646 648 
651 653 691 
610 648 650 
653 655 693 
612 650 652 
655 657 695 
614 652 654 
657 659 697 
616 654 656 
659 661 699 
618 656 658 
661 663 701 
620 658 660 
663 665 703 
622 660 662 
665 667 705 
624 662 664 
667 669 707 
626 664 666 
669 671 709 
628 666 668 
671 673 711 
630 668 670 
673 675 713 
632 670 672 
675 677 715 
634 672 674 
677 679 717 
636 674 676 
679 719 
638 676 678 
681 683 721 
640 680 
683 685 723 
642 680 682 
685 687 725 
644 682 684 
687 689 727 
646 684 686 
689 691 729 
648 686 688 
691 693 731 
650 688 690 
693 695 733 
652 690 692 
695 697 735 
654 692 694 
697 699 737 
656 694 696 
699 701 739 
658 696 698 
701 703 741 
660 698 700 
703 705 743 
662 700 702 
705 707 745 
664 702 704 
707 709 747 
666 704 706 
709 711 749 
668 706 708 
711 713 751 
670 708 710 
713 715 753 
672 710 712 
715 717 755 
674 712 714 
717 719 757 
676 714 716 
719 759 
678 716 718 
721 723 761 
680 720 
723 725 763 
682 720 722 
725 727 765 
684 722 724 
727 729 767 
686 724 726 
729 731 769 
688 726 728 
731 733 771 
690 728 730 
733 735 773 
692 730 732 
735 737 775 
694 732 734 
737 739 777 
696 734 736 
739 741 779 
698 736 738 
741 743 781 
700 738 740 
743 745 783 
702 740 742 
745 747 785 
704 742 744 
747 749 787 
706 744 746 
749 751 789 
708 746 748 
751 753 791 
710 748 750 
753 755 793 
712 750 752 
755 757 795 
714 752 754 
757 759 797 
716 754 756 
759 799 
718 756 758 
761 763 
720 760 
763 765 
722 760 762 
765 767 
724 762 764 
767 769 
726 764 766 
769 771 
728 766 768 
771 773 
730 768 770 
773 775 
732 770 772 
775 777 
734 772 774 
777 779 
736 774 776 
779 781 
738 776 778 
781 783 
740 778 780 
783 785 
742 780 782 
785 787 
744 782 784 
787 789 
746 784 786 
789 791 
748 786 788 
791 793 
750 788 790 
793 795 
752 790 792 
795 797 
754 792 794 
797 799 
756 794 796 
799 
758 796 798 
